6733
7076
1789
7113
9352
6607
7972
1760
4299
8171
9282
3462
8741
7510
8696
5035
3237
4548
3789
5884
5915
9756
2394
7520
2363
9831
8996
7099
9275
7311
8970
4399
2613
4019
5285
3268
8093
8464
8736
7275
7892
4947
6468
3663
4704
9780
3153
4545
7186
9529
7581
9318
7070
1389
4266
3422
1053
3863
1172
2653
1151
5100
4023
2272
5018
1911
3958
7273
2467
8791
8910
2037
3484
7049
8868
7158
1284
5916
6951
3123
5723
8732
2718
2300
2354
2655
2555
7247
7573
1993
2957
6988
5281
1157
5083
9976
9879
5379
1921
3382
3072
2204
7954
9459
9430
5443
3062
1703
3628
4708
9946
6629