7069
8163
6760
8944
9368
6020
5857
8667
8646
7737
8230
9375
6966
6643
9877
6014
8995
9927
5010
7349
7931
5618
7737
8230
9375
6966
7877
6109
9881
5055
8414
5563
8629
6496
7737
8230
9375
6966
9412
5803
9456
9064
9992
7709
7651
9406
8086
6393
7193
7112
5286
7999
5390
5016
5970
8547
9111
7979
6389
9454
7432
8211
7277
9274
5206
5283
6439
8074
7559
7964
8157
6691
5395
7829
7450
9772
9216
5405
7376
9378
6393
7193
7112
5286
7999
8717
5326
6204
9339
7242
7909
8841
7967
5507
9724
5400
9717
7976
7477
9156
7808
5690
8485
5029
9536
6561
8709
6510
7770
8885
9691
6502
7893
